#'linkin Park Album Inspired Color Palettes
#'
#' @keywords internal
linkin_park_palettes <- list(
  reanimation      = c("#47553C", "#A0CE6C", "#F39524", "#A4D6BD", "#7C4800"),
  reanimation_mono = c("#4C5A43", "#546249", "#354230", "#253221", "#6A7A60", "#A0CE6C"),
  one_more_light   = c("#312B2F", "#FAEADA", "#4B363B", "#DEC5B1", "#A3857B", "#7A656E"),
  meteora          = c("#000000", "#A69174", "#130F06", "#3E2C16", "#696460")
)


